Best measure
0.1680594202790518

Trainloss Testloss
0.23542042895052637 0.2959419408340774
0.21502578208843867 0.3043102033828434
0.20461240700036726 0.3186296159713462
0.1956853535586754 0.31973468444564124
0.1857415439368701 0.3311632685541536
0.17662315627994088 0.33474472778265557
0.1674045090258649 0.35799798569040436
0.1590776620625043 0.37537127776009044
0.14948849778699314 0.3722322095524181
0.14220345177877267 0.38928373079550893
0.11268173941248989 0.3993029021190114
0.09545026517371512 0.42028135118301974
0.0866258730216276 0.42761898040771484
0.07979305859732065 0.44699446992440656
0.07363433999539652 0.46836543325602153
0.06805025848799047 0.483555871476397
0.0637138680030199 0.49492532371333914
0.06012634863159386 0.5205540893750898
0.05580855383040455 0.5230436369277643
0.05371248773505202 0.5317192282973294
0.04820728155737605 0.5317576691579591
0.046605801875194794 0.5451014097512624
0.04467830503288008 0.543251277299589
0.04391923918386036 0.5486578179888748
0.04251843935049037 0.5512820090118208
0.041158528117721235 0.5462667836526934
0.04004368411767184 0.5510417230106427
0.03949704192974399 0.566318085746902
0.03859216865086186 0.5618950061535721
0.03817263837508132 0.5553166575409009
0.036652826418369394 0.5760855445165953
0.03594373290709997 0.5693795478515078
0.03567283788206919 0.5649405893241389
0.035546178811924824 0.563799332346072
0.03513174078023407 0.5715471757085699

Perfmeasure classes
0.2959409594095941 0.0 0.0 0.0 0.0 0.7041141897565072 0.02702702702702703 0.0 0.175 0.0975609756097561 0.0 0.16568047337278108 0.9236421483220968 0.16990291262135923 0.0 0.0 0.17834394904458598 
0.29042904290429045 0.0 0.0 0.0 0.0 0.7040485829959514 0.031055900621118012 0.0 0.05 0.0 0.0 0.16800804828973842 0.9236111111111112 0.14420062695924765 0.0 0.0 0.2 
0.3066275167785235 0.0 0.0 0.0 0.0 0.7031422975389594 0.0603448275862069 0.0 0.10555555555555556 0.08955223880597014 0.0 0.17231638418079095 0.9236681887366819 0.20596205962059622 0.0 0.0 0.1686046511627907 
0.3092193808882907 0.0 0.0 0.0 0.0 0.7023491214667685 0.05732484076433121 0.0 0.11728395061728394 0.0761904761904762 0.01282051282051282 0.18142857142857144 0.9239935833778932 0.20800571837026446 0.0 0.0 0.1991701244813278 
0.3063147973609802 0.0 0.0 0.0 0.0 0.7050438596491229 0.022222222222222223 0.0 0.125 0.08421052631578947 0.06976744186046512 0.18840579710144928 0.9238238614979299 0.21200750469043153 0.0 0.0 0.20373831775700935 
0.2940881763527054 0.0 0.0 0.0 0.0 0.7029751419064396 0.03125 0.0 0.08837209302325581 0.0851063829787234 0.10204081632653061 0.18514946962391515 0.9235441500265735 0.19491525423728814 0.0 0.0 0.16563467492260062 
0.3003381494005533 0.0 0.0 0.0 0.0 0.7052247066637148 0.0 0.0 0.08536585365853659 0.08130081300813008 0.06766917293233082 0.18053033054849255 0.9239933645000754 0.18564102564102564 0.0 0.0 0.18856259659969088 
0.3188888888888889 0.0 0.0 0.0 0.0 0.7041690937838063 0.03225806451612903 0.0 0.14173228346456693 0.07142857142857142 0.08333333333333333 0.18703703703703703 0.9237494298312301 0.21028645833333334 0.0 0.0 0.18412698412698414 
0.31802426343154244 0.0 0.0 0.0 0.0 0.7052149871293736 0.08536585365853659 0.0 0.09895833333333333 0.09248554913294797 0.043010752688172046 0.19310897435897437 0.9244322928533455 0.21288515406162464 0.0 0.0 0.18138424821002386 
0.3068181818181818 0.0 0.0 0.0 0.0 0.7046193243376342 0.03821656050955414 0.0 0.09113924050632911 0.09191176470588236 0.07262569832402235 0.17381974248927037 0.9237229899977094 0.19923161361141603 0.0 0.0 0.16652059596844873 
0.30910543130990414 0.0 0.0 0.0 0.0 0.702625254205953 0.024390243902439025 0.0 0.11547911547911548 0.07692307692307693 0.0761904761904762 0.18492618492618493 0.9233512939212264 0.21106941838649157 0.0 0.0 0.16942148760330578 
0.3034310221586848 0.0 0.0 0.0 0.0 0.7034911075562247 0.037037037037037035 0.0 0.11564625850340136 0.08823529411764706 0.08176100628930817 0.18911917098445596 0.9239336313357073 0.2069767441860465 0.0 0.0 0.18218352310783656 
0.312 0.0 0.0 0.0 0.0 0.7019260479967041 0.06666666666666667 0.0 0.10355987055016182 0.033707865168539325 0.09090909090909091 0.1905396402398401 0.9237171655467318 0.20034100596760443 0.0 0.0 0.18325991189427313 
0.3164167627835448 0.0 0.0 0.0 0.0 0.7027505827505828 0.034482758620689655 0.0 0.1048158640226629 0.09278350515463918 0.0851063829787234 0.187434554973822 0.9233806667172906 0.19699248120300752 0.0 0.0 0.17110799438990182 
0.3105987832212616 0.0 0.0 0.0 0.0 0.704018058690745 0.038461538461538464 0.0 0.08801955990220049 0.08433734939759036 0.10559006211180125 0.17252396166134185 0.9236327679318476 0.19801980198019803 0.0 0.0 0.175 
0.30901130974097046 0.0 0.0 0.0 0.0 0.7028495102404274 0.02702702702702703 0.0 0.11486486486486487 0.08496732026143791 0.08759124087591241 0.17970660146699266 0.9231181150550796 0.21541155866900175 0.0 0.0 0.18458884416331225 
0.2959454338764684 0.0 0.0 0.0 0.0 0.7006930136729724 0.043478260869565216 0.0 0.10574018126888217 0.05357142857142857 0.08264462809917356 0.176056338028169 0.9236898559607722 0.19982471516213848 0.0 0.0 0.18811881188118812 
0.30930129060970185 0.0 0.0 0.0 0.0 0.7022819741730055 0.0 0.0 0.11434977578475336 0.03571428571428571 0.1111111111111111 0.1794871794871795 0.9237964864248231 0.19196865817825662 0.0 0.0 0.17090069284064666 
0.30507425742574257 0.0 0.0 0.0 0.0 0.7041889647536446 0.047619047619047616 0.0 0.1 0.05825242718446602 0.09259259259259259 0.16843826655764513 0.9232872550508886 0.20520028109627547 0.0 0.0 0.18645083932853718 
0.3033226152197213 0.0 0.0 0.0 0.0 0.7049136069114471 0.0 0.0 0.1022964509394572 0.07801418439716312 0.09803921568627451 0.1791469194312796 0.9237185319987867 0.20229681978798586 0.0 0.0 0.17509025270758122 
0.3151962689467548 0.0 0.0 0.0 0.0 0.7049008390541571 0.0 0.0 0.12048192771084337 0.03636363636363636 0.07476635514018691 0.18174133558748942 0.9235989325200152 0.19458762886597938 0.0 0.0 0.18361774744027304 
0.3103570166136444 0.0 0.0 0.0 0.0 0.70625 0.0 0.0 0.10256410256410256 0.08333333333333333 0.07947019867549669 0.18172484599589322 0.923456228189956 0.19558359621451105 0.0 0.0 0.1801665404996215 
0.3090701219512195 0.0 0.0 0.0 0.0 0.7055363644851088 0.0 0.0 0.10817307692307693 0.0684931506849315 0.06918238993710692 0.17612193056731584 0.9237449531499962 0.19917440660474717 0.0 0.0 0.17268041237113402 
0.30672748004561 0.0 0.0 0.0 0.0 0.7049622940135928 0.0 0.0 0.10714285714285714 0.1048951048951049 0.06018518518518518 0.18074324324324326 0.9236184708554126 0.19292604501607716 0.0 0.0 0.18252643294379522 
0.3035433070866142 0.0 0.0 0.0 0.0 0.7043269230769231 0.0 0.0 0.09584664536741214 0.08108108108108109 0.06140350877192982 0.17898832684824903 0.9236554238833181 0.20042872454448016 0.0 0.0 0.17711864406779662 
0.30262091326668467 0.0 0.0 0.0 0.0 0.7039808153477218 0.0 0.0 0.11683848797250859 0.07317073170731707 0.07913669064748201 0.17314189189189189 0.9236153377967133 0.20054570259208732 0.0 0.0 0.1853035143769968 
0.3087159015302728 0.0 0.0 0.0 0.0 0.7059314179796108 0.05 0.0 0.0982367758186398 0.07142857142857142 0.065 0.17123287671232876 0.9236466366343438 0.19958847736625515 0.0 0.0 0.1825860948667966 
0.31214528944381387 0.0 0.0 0.0 0.0 0.7050745725718444 0.0 0.0 0.0911854103343465 0.07228915662650602 0.09550561797752809 0.17749757516973813 0.9235026535253981 0.19395017793594305 0.0 0.0 0.1873015873015873 
0.309126213592233 0.0 0.0 0.0 0.0 0.7027310924369747 0.0 0.0 0.09929078014184398 0.08024691358024691 0.06936416184971098 0.1716705157813703 0.9234347593990696 0.19400499583680267 0.0 0.0 0.186152841280209 
0.3072109654350417 0.0 0.0 0.0 0.0 0.7041552867733125 0.0 0.0 0.10442477876106195 0.06842105263157895 0.07142857142857142 0.17401574803149605 0.9236269587707288 0.20187793427230047 0.0 0.0 0.18591934381408065 
0.30970149253731344 0.0 0.0 0.0 0.0 0.7050725307216114 0.0 0.0 0.1021021021021021 0.06140350877192982 0.078125 0.1752873563218391 0.9237552261497529 0.19603753910323254 0.0 0.0 0.194601381042059 
0.30797888854393046 0.0 0.0 0.0 0.0 0.7042002625164073 0.0 0.0 0.10021321961620469 0.06299212598425197 0.06701030927835051 0.17595541401273884 0.9236756593365072 0.19829787234042554 0.0 0.0 0.17897727272727273 
0.3031111111111111 0.0 0.0 0.0 0.0 0.7041026601723492 0.0 0.0 0.09925558312655088 0.05555555555555555 0.07009345794392523 0.1791179117911791 0.9239254469379993 0.20203951561504144 0.0 0.0 0.1852409638554217 
0.30472764645426514 0.0 0.0 0.0 0.0 0.7035424500296853 0.0 0.0 0.1 0.07317073170731707 0.08231707317073171 0.18175182481751825 0.9237044870826409 0.2 0.0 0.0 0.19058823529411764 
0.3045845272206304 0.0 0.0 0.0 0.0 0.704749560225905 0.0 0.0 0.10070257611241218 0.07344632768361582 0.06363636363636363 0.17563989408649602 0.923828272885591 0.19985974754558206 0.0 0.0 0.18833535844471447 
