Best measure
0.16722897471413561

Trainloss Testloss
0.26237048198164037 0.2591872844114258
0.2575965232289998 0.2577795801978362
0.25671176915675137 0.25753046700543764
0.25574190699245375 0.25777265329680377
0.25478049610744186 0.259334920482202
0.2534892970481805 0.2591840456547349
0.25180294201613174 0.2615872583035647
0.24936692730515403 0.26404066448006336
0.24699054033355375 0.26634191154863274
0.2429344633423825 0.2700583907690915
0.2297127107427535 0.2733923486260136
0.22197967617824718 0.27970539047672416
0.2152661653394896 0.28477382189349126
0.20956077147549937 0.2949215253574426
0.201712500323764 0.3004973635576558
0.193792695501561 0.30535950222939395
0.1870620198745643 0.3176846810077366
0.17893006587977958 0.32889407509536833
0.17227228467619174 0.33570594386906144
0.16492904410161804 0.3464237782373383
0.14916340694666613 0.3461054445168618
0.1440963884985904 0.35200782027541166
0.14040621635352968 0.36169952025824187
0.13626450204172316 0.3623080294953579
0.13308917944673943 0.36676270767832486
0.13014518379242018 0.3755445889593882
0.12779280979373112 0.3774208433605267
0.12431556993441596 0.38293871953726955
0.12190821187070688 0.39084967101019535
0.11978050398263959 0.3927620222979185
0.11634048630530151 0.393749393201901
0.11365670076733493 0.39864977053478
0.11356301532074765 0.39501317594039953
0.11252398269366375 0.39993849225591815
0.1116522750627678 0.39936866871477883

Perfmeasure classes
0.0 0.0 0.0 0.0 0.0 0.7047683209821094 0.0 0.0 0.0 0.0 0.0 0.0 0.9238715472715023 0.0 0.0 0.0 0.0 
0.0 0.0 0.0 0.0 0.0 0.7047683209821094 0.0 0.0 0.0 0.0 0.0 0.0 0.9238715472715023 0.0 0.0 0.0 0.0 
0.0 0.0 0.0 0.0 0.0 0.7047683209821094 0.0 0.0 0.0 0.0 0.0 0.0 0.9238715472715023 0.0 0.0 0.0 0.0 
0.0 0.0 0.0 0.0 0.0 0.7048738489181703 0.0 0.0 0.0 0.0 0.0 0.0 0.9238715472715023 0.0 0.0 0.0 0.0 
0.5 0.0 0.0 0.0 0.0 0.7047683209821094 0.0 0.0 0.0 0.0 0.0 0.0 0.9238715472715023 0.0 0.0 0.0 0.0 
0.3333333333333333 0.0 0.0 0.0 0.0 0.7046527309507754 0.0 0.0 0.0 0.0 0.0 0.0 0.9238715472715023 0.0 0.0 0.0 0.0 
0.14285714285714285 0.0 0.0 0.0 0.0 0.7050218669883879 0.0 0.0 0.0 0.0 0.0 0.0 0.9238715472715023 0.5 0.0 0.0 0.0 
0.3157894736842105 0.0 0.0 0.0 0.0 0.7046929228912027 0.0 0.0 0.0 0.0 0.0 0.0 0.9238715472715023 0.25 0.0 0.0 0.0 
0.34328358208955223 0.0 0.0 0.0 0.0 0.7047611698433521 0.0 0.0 0.0 0.0 0.0 0.16666666666666666 0.9238658481808654 0.2 0.0 0.0 0.25 
0.2822822822822823 0.0 0.0 0.0 0.0 0.7035708326380777 0.0 0.0 0.3333333333333333 0.0 0.0 0.1810344827586207 0.9238715472715023 0.16666666666666666 0.0 0.0 0.0 
0.29296875 0.0 0.0 0.0 0.0 0.7048339638503573 0.0 0.0 0.0 0.0 0.0 0.1643192488262911 0.923843789820853 0.152 0.0 0.0 0.3333333333333333 
0.3038779402415766 0.0 0.0 0.0 0.0 0.7032831616935129 0.0 0.0 0.0 0.0 0.0 0.19554455445544555 0.9238723212947699 0.2050561797752809 0.0 0.0 0.5 
0.2972322503008424 0.0 0.0 0.0 0.0 0.7039014727413659 0.041666666666666664 0.0 0.08333333333333333 0.11428571428571428 0.0 0.18529411764705883 0.9237701840030041 0.20993788819875778 0.0 0.0 0.17391304347826086 
0.28484279680900987 0.0 0.0 0.0 0.0 0.7037818821459982 0.0 0.0 0.1111111111111111 0.0847457627118644 0.0 0.17439293598233996 0.9237014207321657 0.20603015075376885 0.0 0.0 0.14285714285714285 
0.2998537298878596 0.0 0.0 0.0 0.0 0.7020121082621082 0.02040816326530612 0.0 0.13043478260869565 0.05263157894736842 0.0 0.16862170087976538 0.9236006051437217 0.211781206171108 0.0 0.0 0.17333333333333334 
0.29277566539923955 0.0 0.0 0.0 0.0 0.7043143720802418 0.044444444444444446 0.0 0.11538461538461539 0.12698412698412698 0.0 0.20287253141831238 0.9234926918392204 0.1954674220963173 0.0 0.0 0.2361111111111111 
0.2900243309002433 0.0 0.0 0.0 0.0 0.7023216467713131 0.03409090909090909 0.0 0.10869565217391304 0.08823529411764706 0.0 0.16666666666666666 0.9239615646515851 0.1751269035532995 0.0 0.0 0.19047619047619047 
0.29930795847750863 0.0 0.0 0.0 0.0 0.7071018062397373 0.024875621890547265 0.0 0.12121212121212122 0.08139534883720931 0.0 0.19462465245597776 0.9231415051137231 0.18587360594795538 0.0 0.0 0.1896551724137931 
0.29798578199052134 0.0 0.0 0.0 0.0 0.7043799364037338 0.02054794520547945 0.0 0.1276595744680851 0.10465116279069768 0.0 0.19251700680272107 0.9236501901140685 0.1932555123216602 0.0 0.0 0.19473684210526315 
0.29624960605105577 0.0 0.0 0.0 0.0 0.7038909021552546 0.055944055944055944 0.0 0.10215053763440861 0.1111111111111111 0.017543859649122806 0.1891891891891892 0.9234519003732196 0.1928374655647383 0.0 0.0 0.19548872180451127 
0.3028554070473876 0.0 0.0 0.0 0.0 0.702840426535812 0.047058823529411764 0.0 0.08152173913043478 0.10112359550561797 0.0 0.18944099378881987 0.9235441500265735 0.18604651162790697 0.0 0.0 0.15471698113207547 
0.30120030007501875 0.0 0.0 0.0 0.0 0.7055468135326515 0.030612244897959183 0.0 0.13333333333333333 0.1111111111111111 0.043478260869565216 0.1903409090909091 0.923310785133389 0.1926163723916533 0.0 0.0 0.20228384991843393 
0.3007544581618656 0.0 0.0 0.0 0.0 0.7031278414257137 0.03571428571428571 0.0 0.11049723756906077 0.15172413793103448 0.03225806451612903 0.18365061590145576 0.923274818401937 0.19886363636363635 0.0 0.0 0.2029520295202952 
0.3029940119760479 0.0 0.0 0.0 0.0 0.7044354838709678 0.02857142857142857 0.0 0.09259259259259259 0.14925373134328357 0.04 0.2008130081300813 0.9234947593910183 0.19038642789820923 0.0 0.0 0.18983957219251338 
0.30673692133985697 0.0 0.0 0.0 0.0 0.7035999585019193 0.03125 0.0 0.11347517730496454 0.11904761904761904 0.019230769230769232 0.18403247631935046 0.9232054690467147 0.1888412017167382 0.0 0.0 0.18457943925233644 
0.30817120622568095 0.0 0.0 0.0 0.0 0.7023821098687408 0.03488372093023256 0.0 0.11695906432748537 0.14516129032258066 0.0 0.1896838602329451 0.9235280676365298 0.19330855018587362 0.0 0.0 0.18876404494382024 
0.30175816289917473 0.0 0.0 0.0 0.0 0.7003414340228962 0.03048780487804878 0.0 0.10555555555555556 0.1388888888888889 0.05263157894736842 0.18189233278955955 0.9232540291634689 0.19047619047619047 0.0 0.0 0.16933638443935928 
0.3093866485936971 0.0 0.0 0.0 0.0 0.7016823161189358 0.04054054054054054 0.0 0.09815950920245399 0.10204081632653061 0.05405405405405406 0.1939034716342083 0.9231707317073171 0.18808510638297873 0.0 0.0 0.19744318181818182 
0.30404080031384856 0.0 0.0 0.0 0.0 0.7025665399239543 0.036585365853658534 0.0 0.06521739130434782 0.152 0.03488372093023256 0.1817180616740088 0.9235751295336787 0.20197486535008977 0.0 0.0 0.18612521150592218 
0.31500162707452 0.0 0.0 0.0 0.0 0.703260973510567 0.04054054054054054 0.0 0.0954356846473029 0.12299465240641712 0.0 0.18005540166204986 0.9235146824493512 0.19399707174231332 0.0 0.0 0.20132013201320131 
0.31121917332407084 0.0 0.0 0.0 0.0 0.7042388288202086 0.037383177570093455 0.0 0.09352517985611511 0.13815789473684212 0.03389830508474576 0.18181818181818182 0.923465869914962 0.2001654259718776 0.0 0.0 0.20108695652173914 
0.30327580133849946 0.0 0.0 0.0 0.0 0.7032042085126734 0.0449438202247191 0.0 0.11428571428571428 0.13559322033898305 0.0410958904109589 0.1885880077369439 0.9231238560097621 0.19487179487179487 0.0 0.0 0.19391025641025642 
0.3111888111888112 0.0 0.0 0.0 0.0 0.7021214194935966 0.027777777777777776 0.0 0.08866995073891626 0.11904761904761904 0.013888888888888888 0.19428571428571428 0.923424458228042 0.19074074074074074 0.0 0.0 0.19135802469135801 
0.30525583014270796 0.0 0.0 0.0 0.0 0.7032782291958531 0.03125 0.0 0.11594202898550725 0.13333333333333333 0.047619047619047616 0.1781219748305905 0.9235562310030395 0.20060105184072127 0.0 0.0 0.18944844124700239 
0.3086185044359949 0.0 0.0 0.0 0.0 0.7027078565980168 0.025974025974025976 0.0 0.1 0.14130434782608695 0.03333333333333333 0.18072289156626506 0.9235688185140073 0.19968051118210864 0.0 0.0 0.19686411149825783 
