Best measure
0.19899453374643888

Trainloss Testloss
0.2643470169168658 0.26179150452739314
0.2598343652697791 0.26330931263677243
0.2585092868952625 0.2612454535430698
0.25662162723266974 0.2600335554357921
0.2554901442520738 0.2618043543904592
0.25289141638616547 0.26510035478327265
0.24986539207025263 0.2655859446268903
0.2463594904603508 0.26881504757552627
0.2416515715002662 0.27642609015035857
0.23541307836155625 0.2828750472747538
0.21507857850255516 0.2838531191411771
0.20421153179927562 0.29222789820301476
0.19630572100040836 0.2984939444293246
0.18783882668236365 0.30935544730943926
0.1790985236960878 0.3162914365530014
0.1715890423034848 0.32654156468131323
0.16391384686428537 0.33881971874590694
0.15686477190185788 0.3454879398266094
0.14929082304415098 0.35102247635713607
0.1416484972017001 0.36248692584950387
0.1282608952955686 0.366310633398129
0.12278722934754549 0.3699683420110547
0.12004265673568466 0.3753084191009759
0.11647449057538249 0.3824222994763315
0.11325083797616241 0.38890405476948864
0.11015486847334555 0.389700710773468
0.10840421092193739 0.39891964838835614
0.10575662668915273 0.398674332639247
0.10372281776944445 0.41390900463578806
0.10138539630359253 0.41361760308868006
0.09741834875053361 0.4128355626284221
0.0964932672239862 0.4122160399359379
0.0956275990666893 0.4194349863312461
0.09442116307166122 0.4137723219166532
0.09405521933088261 0.41452582230408225

Perfmeasure classes
0.30416666666666664 0.0 0.0 0.0 0.0 0.7047940074906367 0.0 0.0 0.0 0.0 0.0 0.0 0.9238715472715023 0.0 0.0 0.0 0.0 
0.29673165137614677 0.0 0.0 0.0 0.0 0.7047683209821094 0.0 0.0 0.0 0.0 0.0 0.0 0.9238715472715023 0.0 0.0 0.0 0.0 
0.29069767441860467 0.0 0.0 0.0 0.0 0.7048210810001497 0.0 0.0 0.0 0.0 0.0 0.0 0.9238715472715023 0.0 0.0 0.0 0.0 
0.3761467889908257 0.0 0.0 0.0 0.0 0.7042520880789673 0.0 0.0 0.0 0.0 0.0 0.0 0.9238715472715023 0.0 0.0 0.0 0.0 
0.2915766738660907 0.0 0.0 0.0 0.0 0.7049131216297184 0.0 0.0 0.0 0.0 0.0 0.0 0.9238715472715023 0.0 0.0 0.0 0.0 
0.32786885245901637 0.0 0.0 0.0 0.0 0.7064712842450168 0.0 0.0 0.0 0.0 0.0 0.2222222222222222 0.9238715472715023 0.0 0.0 0.0 0.0 
0.2737430167597765 0.0 0.0 0.0 0.0 0.7062638284885939 0.0 0.0 0.0 0.0 0.0 0.0 0.9238715472715023 0.0 0.0 0.0 0.2631578947368421 
0.27689243027888444 0.0 0.0 0.0 0.0 0.705237515225335 0.0 0.0 1.0 0.0 0.0 0.1111111111111111 0.9238715472715023 0.19230769230769232 0.0 0.0 0.0 
0.3356164383561644 0.0 0.0 0.0 0.0 0.7057416267942583 0.0 0.0 0.0 0.0 0.0 0.1875 0.9238088103086605 0.16666666666666666 0.0 0.0 0.13157894736842105 
0.31304796286745745 0.0 0.0 0.0 0.0 0.7052221356196414 0.0 0.0 1.0 0.09523809523809523 0.0 0.14285714285714285 0.9238902219556089 0.20265151515151514 0.0 0.0 0.0 
0.29774897680763984 0.0 0.0 0.0 0.0 0.7051632757736365 0.0 0.0 0.2222222222222222 0.2 0.0 0.18574108818011256 0.9238616757932638 0.18596881959910913 0.0 0.0 0.11538461538461539 
0.29619710765934654 0.0 0.0 0.0 0.0 0.7048624950179354 0.10526315789473684 0.0 0.12195121951219512 0.08333333333333333 0.0 0.18304668304668303 0.9237930775583753 0.2006980802792321 0.0 0.0 0.12244897959183673 
0.30574324324324326 0.0 0.0 0.0 0.0 0.7050865800865801 0.07894736842105263 0.0 0.10638297872340426 0.1276595744680851 0.0 0.202 0.9236278648974668 0.20644216691068815 0.0 0.0 0.09090909090909091 
0.2914466737064414 0.0 0.0 0.0 0.0 0.7039793589361913 0.03125 0.0 0.13513513513513514 0.10714285714285714 0.2 0.17628865979381445 0.9234026465028355 0.19047619047619047 0.0 0.0 0.15204678362573099 
0.29189898327320435 0.0 0.0 0.0 0.0 0.7053005569425773 0.0 0.0 0.07751937984496124 0.11483253588516747 0.09090909090909091 0.17210944395410416 0.9236917508671392 0.2 0.0 0.0 0.16129032258064516 
0.30252347417840375 0.0 0.0 0.0 0.0 0.7053713218122373 0.0196078431372549 0.0 0.08235294117647059 0.11578947368421053 0.0 0.1875 0.9235750320006023 0.2024977698483497 0.0 0.0 0.16546762589928057 
0.30376444278792397 0.0 0.0 0.0 0.0 0.7042129384805218 0.047619047619047616 0.0 0.10714285714285714 0.11170212765957446 0.08 0.18326693227091634 0.9238743851683693 0.21205821205821207 0.0 0.0 0.14824120603015076 
0.3011641006383778 0.0 0.0 0.0 0.0 0.7028893861270552 0.04395604395604396 0.0 0.13471502590673576 0.1368421052631579 0.08571428571428572 0.18306244653550044 0.9240525672371638 0.1925343811394892 0.0 0.0 0.1853035143769968 
0.30155482815057283 0.0 0.0 0.0 0.0 0.7044912749117955 0.06086956521739131 0.0 0.1282051282051282 0.0851063829787234 0.030303030303030304 0.17721518987341772 0.9237301101591188 0.21351351351351353 0.0 0.0 0.17634854771784234 
0.30792377131394183 0.0 0.0 0.0 0.0 0.70436741088915 0.047619047619047616 0.0 0.11564625850340136 0.18181818181818182 0.06153846153846154 0.17063870352716873 0.924071947952545 0.18594104308390022 0.0 0.0 0.17302798982188294 
0.29320113314447593 0.0 0.0 0.0 0.0 0.7044854881266491 0.057971014492753624 0.0 0.11494252873563218 0.12195121951219512 0.0851063829787234 0.17341549295774647 0.9237770193401593 0.20549338758901323 0.0 0.0 0.16179775280898875 
0.29594669627984455 0.0 0.0 0.0 0.0 0.7049981556621173 0.06 0.0 0.14782608695652175 0.125 0.058823529411764705 0.18711656441717792 0.9235905607405721 0.20758620689655172 0.0 0.0 0.17123287671232876 
0.29549114331723025 0.0 0.0 0.0 0.0 0.7035693273190822 0.05714285714285714 0.0 0.12962962962962962 0.12903225806451613 0.047619047619047616 0.18679409209383144 0.9240843676235437 0.20326864147088866 0.0 0.0 0.16820987654320987 
0.299641862315957 0.0 0.0 0.0 0.0 0.7045637314032972 0.05970149253731343 0.0 0.12093023255813953 0.09473684210526316 0.041666666666666664 0.17982099267697316 0.9237841945288754 0.21575342465753425 0.0 0.0 0.17939393939393938 
0.29366812227074235 0.0 0.0 0.0 0.0 0.7053596483023103 0.03389830508474576 0.0 0.12075471698113208 0.14678899082568808 0.10204081632653061 0.19042056074766356 0.9240082235589736 0.20041972717733472 0.0 0.0 0.16907216494845362 
0.29521988527724663 0.0 0.0 0.0 0.0 0.7051961823966065 0.031746031746031744 0.0 0.1322314049586777 0.12359550561797752 0.0967741935483871 0.17706422018348625 0.923773987206823 0.20292887029288703 0.0 0.0 0.17537942664418213 
0.2935578330893119 0.0 0.0 0.0 0.0 0.7064264379998073 0.029411764705882353 0.0 0.11818181818181818 0.09734513274336283 0.09230769230769231 0.17905759162303664 0.923837784371909 0.2029598308668076 0.0 0.0 0.17091454272863568 
0.29859154929577464 0.0 0.0 0.0 0.0 0.7031543372136688 0.034482758620689655 0.0 0.12140575079872204 0.09375 0.0684931506849315 0.18365287588294651 0.9237114962536895 0.20157068062827224 0.0 0.0 0.1920374707259953 
0.3074015748031496 0.0 0.0 0.0 0.0 0.7040178571428571 0.058823529411764705 0.0 0.13565891472868216 0.07692307692307693 0.06 0.1717032967032967 0.9237668161434978 0.20679886685552407 0.0 0.0 0.1784037558685446 
0.3090399439383322 0.0 0.0 0.0 0.0 0.7043119081200887 0.020618556701030927 0.0 0.1021671826625387 0.12295081967213115 0.08045977011494253 0.17800167926112512 0.9240574368425094 0.2133676092544987 0.0 0.0 0.17339449541284405 
0.30166975881261593 0.0 0.0 0.0 0.0 0.706102583302134 0.03125 0.0 0.1336405529953917 0.0851063829787234 0.08450704225352113 0.18642117376294592 0.9241142857142857 0.19897523484201537 0.0 0.0 0.17573696145124718 
0.3018500486854917 0.0 0.0 0.0 0.0 0.7037588388537402 0.02127659574468085 0.0 0.13312693498452013 0.1037037037037037 0.06818181818181818 0.1877358490566038 0.9238890998860615 0.20816967792615867 0.0 0.0 0.186264308012487 
0.3019189765458422 0.0 0.0 0.0 0.0 0.7054794520547946 0.03076923076923077 0.0 0.11885245901639344 0.10256410256410256 0.10344827586206896 0.1868421052631579 0.923957856161246 0.19731404958677687 0.0 0.0 0.17279821627647715 
0.3047945205479452 0.0 0.0 0.0 0.0 0.705848623853211 0.021739130434782608 0.0 0.1336206896551724 0.1320754716981132 0.08 0.1865671641791045 0.9236137449745885 0.19794584500466852 0.0 0.0 0.1771177117711771 
0.3024245002126755 0.0 0.0 0.0 0.0 0.7058823529411765 0.014492753623188406 0.0 0.12359550561797752 0.1111111111111111 0.08163265306122448 0.1820151679306609 0.9239810715921234 0.20127118644067796 0.0 0.0 0.1843687374749499 
